21 13 28
31 15 31
30 30 16
23 12 18
30 26 6
16 20 11
8 30 3
1 11 26
22 25 4
1 28 25
14 18 8
25 21 13
27 9 16
0 4 26
24 8 29
17 8 14
14 31 24
17 31 7
6 25 28
23 7 6
2 9 9
6 8 29
22 5 31
22 9 27
22 22 23
18 11 16
27 22 18
21 26 16
7 29 27
15 9 11
29 24 30
23 31 20
23 20 20
23 29 10
3 12 3
21 8 16
23 2 13
16 11 6
7 0 17
10 10 31
25 9 23
18 29 19
27 24 19
4 7 6
31 29 26
18 0 30
29 21 15
14 0 13
0 28 10
0 19 1
16 15 10
24 25 4
19 7 1
18 15 14
7 10 20
21 5 24
12 12 1
11 3 1
13 24 14
13 17 30
10 3 19
7 14 24
30 18 28
6 4 20
4 9 21
9 17 25
30 23 2
10 8 19
4 27 3
25 23 6
16 8 10
17 14 9
15 19 14
27 13 25
7 26 28
25 12 31
28 5 29
28 31 12
24 6 10
10 16 24
12 24 11
4 3 26
18 18 23
29 30 16
3 19 16
1 25 4
25 8 21
30 21 16
17 1 8
4 1 8
4 14 22
22 31 15
15 22 25
21 24 3
15 15 6
20 29 12
5 3 3
13 31 18
27 0 16
25 5 2
1 14 12
3 13 17
2 31 4
10 20 6
1 31 5
17 12 13
4 17 21
15 26 16
13 10 13
29 8 3
19 28 11
3 15 6
6 28 10
8 1 9
22 21 16
0 8 3
13 22 20
13 30 8
25 20 1
2 27 22
16 9 1
19 1 21
24 0 4
10 29 28
25 30 4
6 7 2
7 7 19
30 19 5
12 30 10
26 27 21
20 3 29
15 21 17
5 12 8
18 24 21
5 19 18
17 28 25
26 22 11
22 19 21
2 3 20
19 12 25
10 2 11
8 4 22
14 24 32
2 22 4
14 12 5
7 22 15
25 7 27
11 27 17
25 25 21
6 23 32
21 14 17
18 20 3
3 6 15
30 11 21
11 29 14
19 20 24
15 0 2
4 15 20
16 5 3
27 1 3
