29878
10463
26011
23604
9840
31458
5045
32740
13833
26827
22059
9243
5524
26829
1593
4150
24555
337
23304
17138
26376
31024
16603
27845
11530
19892
14762
25488
5111
20003
11934
17291
11229
20943
20312
12252
30352
1468
26003
6150
15351
19430
24934
3547
8539
5811
21476
4698
8692
4013
5033
20091
18014
12649
24658
28530
3194
18675
1958
21689
22687
5081
20662
26808
1246
25724
18172
23424
12932
24311
26870
2505
26071
32131
15243
8408
11137
7156
21751
2751
4821
20066
6092
23780
10162
16366
4099
25980
19053
17130
12779
2853
19391
7311
7220
31880
3682
27359
29724
11396
