18 46 59
28 16 48
10 61 37
31 44 9
61 6 17
13 44 4
63 7 56
2 6 56
62 40 13
15 52 13
2 32 7
52 45 25
41 41 14
24 10 24
56 35 23
7 29 56
54 9 33
30 7 9
33 24 54
13 48 55
3 35 8
43 45 19
24 45 27
45 12 38
6 17 24
25 50 56
42 62 6
25 26 60
36 59 64
7 28 16
14 13 43
38 41 24
62 54 9
50 14 15
22 56 36
20 39 33
56 14 41
4 52 62
56 18 48
55 60 32
34 47 22
34 9 31
34 51 9
29 0 17
63 50 48
63 62 19
48 42 64
46 26 42
10 7 3
1 22 52
44 14 19
16 56 57
36 8 18
47 5 14
47 61 28
40 55 60
1 33 53
29 28 54
32 9 26
13 63 25
4 29 10
27 23 62
7 12 53
49 14 27
8 58 12
30 12 43
53 42 17
16 38 51
58 43 29
9 45 58
8 49 39
50 11 39
5 44 52
32 50 49
18 34 51
62 21 52
49 30 25
37 61 35
51 11 38
39 44 11
53 9 51
3 52 54
27 21 10
36 27 23
57 36 21
37 19 64
11 49 21
28 26 5
7 55 4
30 13 19
0 58 17
3 7 61
56 34 52
33 31 64
55 10 17
6 1 53
31 18 61
12 26 61
3 8 53
33 7 10
32 53 63
51 2 33
58 1 32
10 35 44
56 36 52
16 59 59
49 49 34
45 53 41
28 57 51
28 59 26
25 7 61
38 49 18
60 17 9
34 42 7
8 59 45
46 28 47
24 49 32
21 10 58
46 61 44
54 63 46
16 9 52
25 23 63
35 23 49
19 36 10
2 8 27
4 11 18
37 20 37
7 45 24
54 33 40
0 1 52
41 53 63
34 48 46
20 3 9
7 6 60
49 54 37
3 14 12
54 7 54
50 50 63
49 21 49
16 45 19
43 49 35
48 21 10
16 43 33
53 27 17
28 10 27
49 56 19
47 6 55
44 4 41
29 5 45
51 42 62
7 41 25
39 2 44
56 51 29
56 62 38
46 49 7
48 53 54
4 13 60
29 53 14
15 9 27
26 1 1
56 43 13
40 53 12
16 2 57
33 0 38
20 47 19
29 27 11
50 53 4
59 7 53
7 44 10
0 27 53
23 40 9
38 14 37
16 35 11
51 17 43
7 40 31
41 42 2
30 35 3
32 11 4
12 1 38
17 38 64
14 18 53
51 20 51
0 8 30
25 12 42
44 33 55
37 42 61
40 31 3
31 29 63
37 33 43
61 25 51
28 18 63
26 4 61
48 7 28
34 15 1
16 18 38
3 57 20
19 30 16
10 42 46
48 63 42
63 57 3
41 44 1
55 46 29
45 49 52
5 13 45
58 22 31
7 53 19
0 49 30
13 9 3
34 60 64
57 22 4
31 25 51
48 26 10
44 61 18
21 32 19
12 33 48
43 47 37
0 22 2
15 13 44
35 33 61
33 33 48
19 25 4
20 24 9
24 9 46
31 21 24
32 38 1
52 59 21
63 44 31
24 8 4
59 59 22
12 61 12
22 53 20
27 4 17
13 31 56
48 1 59
33 46 19
22 38 58
32 14 47
47 18 54
4 35 44
3 13 61
32 13 3
62 55 17
46 29 17
1 55 48
54 46 3
17 47 31
46 35 60
51 61 22
15 63 57
48 29 16
30 48 24
45 4 62
42 5 49
34 5 60
51 4 45
33 49 43
49 19 16
61 14 56
55 55 32
31 14 11
6 4 37
20 44 19
20 54 53
0 24 60
16 57 25
32 44 5
58 61 29
23 28 1
38 2 6
6 28 56
33 27 11
1 28 39
60 61 45
25 32 8
48 17 16
40 40 55
0 5 24
60 27 29
12 46 49
61 5 62
32 56 4
47 32 49
7 17 26
31 22 58
47 48 35
24 52 11
22 39 3
2 3 41
60 10 44
35 14 63
60 41 3
38 56 12
26 62 24
52 63 49
8 30 13
58 59 34
15 49 29
28 62 9
62 41 33
47 44 8
52 33 53
40 47 17
38 10 1
42 45 35
59 42 30
58 5 16
12 57 56
52 52 60
11 27 23
27 49 17
53 57 48
40 63 38
20 45 31
55 17 30
57 48 35
33 36 44
56 13 19
51 54 54
42 6 20
28 49 42
52 7 63
12 23 47
3 17 32
21 44 35
38 15 58
1 56 8
51 48 56
12 27 34
22 44 43
23 4 39
4 40 39
58 20 45
19 34 6
50 0 59
29 56 45
35 44 56
18 19 55
25 15 37
38 30 64
11 61 9
49 4 16
53 52 36
38 3 30
5 19 58
63 30 63
40 6 2
23 61 3
33 55 60
60 63 8
47 60 58
24 58 16
6 27 55
40 51 28
62 1 42
58 42 37
16 6 61
11 5 31
63 38 54
15 43 2
30 9 38
31 60 56
3 32 12
41 47 43
17 24 32
42 56 11
49 13 58
24 40 46
56 48 24
18 59 44
25 14 3
41 22 39
29 13 48
49 17 60
55 6 38
54 24 22
8 26 51
50 40 12
3 49 46
16 61 1
10 34 26
37 22 53
19 8 39
12 14 45
24 36 30
