40 12 109
73 79 79
10 2 17
17 10 90
65 28 64
33 9 27
19 103 49
90 123 4
123 52 22
95 76 79
46 31 117
120 28 2
102 75 33
75 26 5
97 56 81
61 69 99
120 78 98
53 121 121
100 56 43
18 119 84
77 114 39
81 0 37
19 88 20
108 76 33
105 28 95
89 18 109
88 8 115
119 49 27
117 76 56
17 109 91
107 92 119
8 106 100
82 83 70
77 7 77
123 47 33
1 123 60
70 37 16
76 33 73
37 126 47
22 13 5
15 51 80
3 22 75
111 13 54
104 123 39
45 67 6
108 92 28
74 6 68
18 103 119
80 23 75
59 85 60
50 121 14
8 86 108
97 11 3
1 49 113
69 80 66
56 5 115
111 37 47
120 82 104
101 68 103
118 27 19
94 36 16
66 97 51
75 78 85
32 111 108
23 85 20
95 4 25
83 13 54
44 96 83
120 13 121
37 53 79
66 48 46
108 60 6
18 76 110
86 16 58
42 97 51
20 99 26
90 21 5
37 0 28
85 32 9
114 14 79
124 28 52
108 57 2
77 110 7
47 18 28
8 55 30
22 49 101
100 15 18
23 10 123
106 52 125
103 104 39
4 53 59
57 5 48
111 10 46
51 56 60
49 113 32
117 2 110
49 79 6
78 104 32
106 63 83
58 66 7
120 36 37
59 38 55
24 97 84
90 109 15
112 118 95
18 78 45
8 18 115
77 60 78
24 70 68
88 99 26
67 99 19
111 116 33
113 10 33
109 122 19
47 49 73
57 39 12
90 27 2
80 68 78
37 119 128
87 51 11
118 4 107
75 54 86
18 80 121
123 74 108
66 45 11
85 103 98
66 40 19
89 89 105
67 43 49
99 109 103
78 13 87
52 42 117
89 85 55
65 19 31
1 104 35
38 21 101
87 27 84
15 41 74
29 6 62
66 120 45
3 14 57
80 43 72
86 26 79
26 82 121
5 2 76
76 38 76
13 69 3
84 95 100
58 43 51
82 51 38
51 108 56
68 87 79
4 61 36
64 88 39
79 46 18
117 83 103
123 29 27
75 71 72
80 31 91
78 30 41
116 118 71
78 127 92
46 18 2
21 61 19
85 10 110
20 39 105
7 14 47
98 56 62
53 40 35
1 97 101
121 105 103
89 123 78
18 21 87
78 24 14
5 99 11
81 66 58
57 122 95
117 122 76
62 5 105
118 50 27
63 111 128
111 98 15
79 7 78
100 14 22
4 1 108
79 18 127
89 10 41
25 59 8
64 61 6
123 121 105
35 127 126
90 59 37
55 36 107
56 58 63
121 63 73
102 107 122
107 46 114
120 90 75
110 116 28
65 48 84
33 122 111
26 87 39
88 51 77
81 46 82
51 29 116
93 94 106
36 110 35
92 93 65
101 16 90
92 23 8
15 36 109
28 10 25
126 63 17
96 92 103
110 47 43
20 6 93
122 50 26
33 30 64
2 72 102
114 51 20
5 21 46
28 19 128
59 125 112
107 58 121
97 104 63
120 12 16
4 57 123
56 7 15
21 82 120
39 110 33
106 9 111
17 114 69
119 6 120
79 119 97
126 102 11
67 103 12
70 38 62
98 123 16
115 67 76
22 57 42
86 44 39
107 113 58
81 119 106
72 115 28
104 101 37
124 32 108
28 86 66
41 40 116
62 58 49
29 20 51
82 115 109
95 108 64
110 95 103
26 107 11
124 120 122
64 48 67
61 12 55
25 110 16
119 19 94
123 31 122
90 116 21
17 31 12
77 58 124
50 96 80
68 110 75
61 66 79
94 70 8
107 122 37
102 73 7
21 14 100
14 68 123
27 56 75
89 119 8
23 62 70
7 43 93
70 18 92
84 113 26
87 12 50
12 38 75
48 16 21
95 100 45
105 105 19
119 59 66
79 105 87
3 99 111
113 54 5
83 112 96
8 76 90
126 124 61
1 71 18
40 43 29
92 37 106
25 44 84
30 97 21
93 96 72
36 38 60
88 127 94
26 51 118
37 72 92
92 69 49
4 66 25
28 53 33
46 66 36
121 109 77
14 26 29
86 23 93
127 125 21
118 57 30
61 81 28
115 14 86
82 90 70
43 53 23
32 2 115
121 107 104
15 39 95
83 81 6
10 42 56
77 79 8
28 66 71
52 92 77
51 119 39
78 38 80
31 53 90
31 58 73
94 86 31
63 25 51
78 82 115
2 112 21
66 65 38
16 12 82
31 48 78
60 44 59
116 124 45
94 43 126
31 101 49
4 65 110
109 5 60
5 52 65
10 72 73
20 41 51
69 60 59
91 83 49
65 37 127
95 24 106
91 99 76
2 1 118
117 37 9
68 127 103
44 7 81
66 86 19
34 10 118
89 5 17
117 97 39
0 14 119
121 91 92
81 109 18
73 3 16
82 95 1
99 34 54
70 58 89
43 21 47
35 91 80
45 55 44
37 33 125
83 15 82
110 0 54
39 121 93
95 93 31
17 92 127
45 74 126
53 48 118
31 49 109
105 74 93
50 110 125
70 51 86
25 65 99
7 45 17
18 31 3
76 120 120
36 73 110
64 127 17
91 34 77
92 21 13
76 6 123
43 66 42
58 75 126
34 22 42
34 14 81
59 118 53
68 39 66
117 68 65
65 9 91
7 51 20
45 113 104
90 25 57
6 127 108
102 25 21
18 106 50
44 89 5
109 119 98
14 118 32
84 111 101
10 93 3
24 74 34
72 52 123
87 46 65
34 21 85
110 19 3
107 28 50
80 63 45
58 54 4
75 92 125
15 112 73
6 126 45
112 39 20
63 95 2
82 74 66
13 81 67
84 100 81
38 98 69
96 126 68
95 44 110
44 83 38
28 32 102
50 67 116
82 19 117
39 88 92
76 74 110
82 2 110
126 30 84
45 57 28
47 51 112
62 121 98
27 85 7
11 41 121
114 84 55
22 120 7
29 7 124
23 14 38
113 29 106
6 122 31
72 82 30
9 77 125
113 21 11
23 120 112
34 45 124
16 114 48
26 106 117
51 116 112
47 43 27
71 34 109
123 96 1
73 24 124
11 44 39
29 41 39
18 71 101
4 4 54
42 19 28
109 16 122
7 46 45
113 6 117
98 53 7
35 23 53
81 126 77
64 43 118
115 47 56
9 64 23
70 93 74
6 102 80
108 113 22
73 103 46
6 94 101
63 53 12
6 6 81
107 36 125
29 1 95
92 27 35
50 19 125
3 126 113
100 71 25
42 48 104
117 40 97
66 102 116
76 122 29
91 89 41
4 23 90
70 92 48
47 122 92
60 98 106
40 111 30
1 78 13
77 14 105
5 13 44
92 14 94
121 68 42
8 87 128
62 55 49
24 26 62
82 41 63
40 35 6
65 121 103
5 19 21
69 113 84
33 15 63
14 48 78
51 14 43
8 52 24
29 69 110
96 110 8
34 41 62
100 39 102
28 5 87
88 53 89
59 67 77
89 117 61
62 22 116
86 65 41
67 96 102
120 5 6
103 125 3
9 91 4
106 79 16
15 118 20
44 44 5
92 120 71
79 54 55
95 54 58
22 108 47
17 77 43
53 30 78
119 114 28
112 5 102
118 37 94
61 43 37
18 118 93
12 123 98
109 12 19
82 3 98
55 105 53
22 51 60
46 68 35
32 12 8
17 18 102
68 33 79
109 84 45
100 27 62
2 53 121
12 86 76
35 67 51
3 33 111
100 93 55
11 69 71
7 112 27
52 58 5
5 113 9
69 26 30
104 65 51
46 37 3
88 90 124
10 36 41
121 48 37
112 34 26
4 33 12
110 91 104
97 53 51
57 20 88
15 101 43
119 96 79
40 109 49
18 57 82
52 52 31
55 60 89
36 111 76
62 81 116
84 91 60
78 59 105
109 10 91
52 50 40
108 73 85
66 57 103
84 17 98
49 53 45
118 76 6
127 11 50
125 75 126
71 16 114
123 36 62
85 22 58
78 20 88
44 63 75
87 50 97
37 22 85
127 25 48
66 23 23
25 69 11
51 60 93
62 98 6
78 113 86
122 35 36
103 10 53
29 73 89
54 78 52
9 90 100
64 91 53
22 19 2
15 0 104
24 109 117
40 61 62
101 78 22
22 48 104
3 7 97
61 103 107
20 19 71
119 48 79
83 95 100
46 84 105
109 101 32
69 111 100
70 102 41
54 51 26
46 45 123
122 52 18
124 14 13
2 104 51
23 26 91
116 116 104
90 108 6
18 55 51
116 35 46
15 55 53
23 70 106
13 119 94
6 16 61
17 113 5
110 120 5
21 54 54
56 61 6
86 76 92
88 76 120
46 14 83
0 102 31
5 45 51
38 84 71
122 28 67
126 70 11
118 94 116
58 90 125
112 67 56
3 30 124
81 90 100
106 14 128
18 83 106
103 12 57
100 7 106
39 37 14
103 101 10
4 45 41
98 10 13
52 95 46
12 106 83
57 7 14
38 83 97
36 76 7
51 52 81
113 111 63
120 14 106
54 17 56
47 96 4
69 125 109
77 98 23
83 49 118
21 101 95
63 42 65
36 26 22
81 19 11
0 76 6
58 114 9
25 49 35
99 25 1
104 4 128
121 81 115
40 50 72
78 34 24
54 66 105
22 65 75
33 110 124
119 3 111
65 116 1
23 29 43
12 112 120
73 119 29
8 14 85
56 49 128
89 29 79
83 52 44
90 126 97
68 72 13
101 50 77
19 121 128
99 45 46
57 83 94
115 111 51
58 113 5
116 108 11
85 88 108
48 115 42
55 115 110
34 108 122
40 104 74
109 100 102
22 76 39
21 69 74
83 35 120
97 17 118
25 39 105
65 113 34
47 107 86
29 116 2
15 32 124
85 65 67
62 71 33
14 52 25
89 19 19
45 110 72
110 46 31
103 37 16
61 45 94
71 68 68
127 66 89
72 34 6
57 78 65
2 106 16
22 60 25
89 43 12
80 92 99
105 37 100
53 0 43
32 121 105
95 33 80
119 108 110
91 75 92
47 63 18
32 106 50
54 77 128
89 92 10
71 6 31
33 125 101
83 11 118
91 60 29
27 69 12
96 79 125
45 58 52
105 1 29
38 5 26
14 9 60
124 115 37
111 41 31
56 59 120
110 4 40
121 110 56
76 94 38
111 15 80
20 85 102
47 40 126
88 45 27
95 56 126
111 0 96
114 11 113
69 30 44
107 12 39
124 41 126
110 55 75
116 59 52
76 29 70
121 35 104
1 91 62
85 48 104
96 70 23
39 114 34
106 55 57
105 73 83
6 8 77
26 115 128
43 81 87
20 58 95
16 63 35
3 53 113
118 41 27
91 21 83
94 73 77
27 21 22
67 10 126
115 80 101
71 93 26
69 1 71
55 44 1
16 96 26
72 23 106
103 75 118
57 96 102
109 96 55
105 90 121
127 84 91
2 101 80
125 66 6
115 42 82
127 110 70
6 121 111
125 21 98
33 49 110
100 49 128
37 61 8
64 121 116
68 17 47
111 7 15
118 111 13
101 100 128
115 22 57
89 79 120
31 47 76
5 23 109
106 72 6
49 92 40
95 88 22
93 38 104
99 54 68
113 12 93
12 90 13
52 71 38
35 77 10
26 7 88
112 103 73
76 34 96
1 24 99
105 114 48
57 64 5
51 104 127
115 5 75
24 9 57
72 101 95
126 18 115
85 62 46
84 110 20
100 33 52
30 102 122
63 86 90
66 35 95
72 46 50
48 10 119
36 62 13
91 57 68
127 34 6
114 115 51
95 102 71
105 38 62
40 27 21
1 58 48
120 35 97
17 85 63
23 110 44
34 73 51
104 82 85
45 25 56
63 90 98
88 28 70
39 122 60
39 27 71
10 60 127
15 124 40
107 38 60
14 4 35
66 114 31
113 34 60
42 100 103
43 109 14
104 26 79
10 87 111
23 123 119
8 108 74
117 29 25
127 95 40
69 85 84
113 96 61
31 70 95
4 88 34
124 72 101
123 5 113
19 79 127
7 17 60
94 19 12
83 48 39
75 101 68
71 78 85
18 116 102
71 49 113
13 97 76
