166 92 29
254 35 50
215 227 116
20 135 134
226 195 145
246 12 129
212 138 115
66 101 213
199 96 114
30 180 46
168 155 204
170 52 164
83 118 255
148 36 181
80 65 77
247 64 5
84 173 16
243 27 251
156 8 203
137 114 119
58 39 74
187 36 222
14 151 230
116 47 89
55 80 190
162 55 216
87 55 43
154 252 246
34 223 4
197 40 66
18 239 216
114 182 210
124 128 88
204 142 72
162 222 21
18 53 35
221 251 50
78 193 199
185 255 255
184 167 140
173 24 212
247 173 218
16 143 228
61 148 148
150 8 252
112 223 77
18 236 98
176 184 203
126 128 185
111 226 220
9 45 210
189 49 11
254 188 144
235 149 203
47 76 68
128 96 242
106 239 192
38 73 63
131 128 256
243 235 102
80 6 75
237 208 153
220 24 196
110 198 203
34 26 192
93 134 40
203 25 112
82 17 113
60 114 62
97 96 120
47 220 230
119 159 216
254 173 54
36 143 230
32 238 212
208 145 104
234 89 155
239 5 48
226 174 1
99 69 137
192 34 248
246 104 69
5 95 100
187 4 49
174 159 167
30 80 235
118 184 198
204 100 138
87 226 235
7 187 129
143 134 10
153 51 155
22 244 50
59 136 159
119 91 128
202 1 154
135 182 203
1 161 78
9 7 150
239 218 44
111 209 201
241 247 32
127 64 54
87 195 129
151 238 90
72 22 175
188 188 211
255 193 72
239 180 6
203 51 189
179 216 186
133 184 43
91 227 136
10 219 158
185 1 169
225 140 195
24 82 197
241 92 129
238 30 245
34 4 253
89 148 106
160 207 186
229 110 166
151 183 24
6 178 33
232 95 104
198 160 219
104 46 221
203 146 16
23 245 113
177 62 155
230 179 232
189 125 116
35 169 58
37 24 225
207 6 145
191 144 137
231 193 117
55 198 34
30 24 117
168 241 205
176 237 202
42 47 231
33 71 97
162 40 181
33 85 92
175 170 65
40 92 54
222 51 135
72 230 205
124 35 226
101 119 39
225 183 167
152 192 187
108 189 126
112 137 194
222 253 6
144 35 152
76 93 204
67 176 60
142 115 186
234 129 49
207 169 20
144 211 164
212 236 177
93 94 97
173 86 142
247 73 230
16 6 157
80 206 16
248 224 29
203 30 226
162 214 186
47 229 221
13 57 251
240 140 61
101 85 251
158 98 190
8 116 228
186 200 65
50 243 84
81 14 92
219 36 10
179 246 155
118 70 124
239 217 224
66 185 180
204 70 145
210 206 77
69 199 184
186 6 234
166 170 40
125 171 72
199 209 241
117 245 212
98 108 138
165 57 67
102 180 182
205 107 155
205 15 3
141 160 73
194 105 227
91 109 137
180 108 13
90 190 231
237 117 171
234 191 30
172 202 16
164 253 219
15 201 216
235 140 65
213 235 199
201 77 254
198 248 145
209 212 124
205 140 144
240 190 155
66 201 33
201 12 82
102 179 143
21 29 16
220 252 216
186 177 35
160 97 223
38 105 134
87 231 6
78 70 238
231 215 254
120 249 3
201 42 145
192 1 98
188 112 29
5 230 168
220 42 17
212 22 35
171 103 23
231 125 12
20 96 212
6 159 2
166 111 147
123 79 251
158 146 213
59 7 29
226 246 253
20 247 164
107 26 117
178 17 65
183 42 18
253 155 57
87 60 104
225 165 252
55 146 12
153 228 137
128 21 105
247 0 178
185 221 171
0 68 201
55 99 19
113 37 240
254 254 228
70 80 226
117 143 112
221 240 197
92 76 116
177 57 5
63 199 243
81 212 110
236 58 33
221 135 18
5 207 227
135 202 250
155 217 65
82 191 124
208 74 125
137 239 176
212 184 214
183 215 217
211 204 194
20 254 4
161 251 115
217 23 250
230 178 40
111 212 216
227 198 27
27 103 200
131 36 90
105 75 87
231 207 95
190 10 104
208 228 179
117 177 100
87 9 40
72 71 43
158 182 27
121 124 240
126 188 219
20 170 230
121 14 201
224 43 194
175 18 221
114 80 233
72 146 131
219 151 80
197 85 248
76 245 154
123 143 248
71 150 69
200 106 172
60 125 1
90 19 48
206 90 246
9 244 254
83 36 24
158 148 48
33 176 197
104 165 71
107 182 161
111 85 119
225 7 205
192 179 30
222 201 119
115 182 94
195 17 142
48 69 136
218 93 7
220 93 29
250 200 99
103 199 141
22 27 88
46 26 182
142 173 155
242 150 108
237 246 154
186 157 6
104 69 221
54 101 223
243 251 129
255 211 211
57 35 27
219 187 36
15 207 250
46 30 246
34 170 227
6 169 214
114 138 193
109 183 192
7 150 143
236 117 228
83 148 3
210 110 128
244 49 90
117 33 196
173 178 137
39 35 109
81 83 158
133 96 61
142 99 100
56 148 54
96 82 62
102 153 121
129 200 237
139 185 42
133 165 120
69 35 151
2 200 23
112 197 223
104 63 129
44 168 109
189 99 71
40 105 127
78 22 92
177 5 248
4 129 209
123 77 249
120 96 109
222 2 31
33 23 222
215 172 157
116 237 155
97 221 204
89 100 148
92 109 133
253 191 17
64 204 13
227 108 18
166 113 246
71 141 38
94 127 58
122 47 57
20 49 164
112 88 107
26 251 65
190 114 42
142 127 29
89 78 136
9 49 80
66 203 194
68 197 14
19 148 49
95 78 1
213 175 189
216 240 44
221 50 82
47 221 174
107 231 156
167 22 173
211 97 110
208 185 125
250 104 233
112 184 239
65 5 56
243 3 178
147 4 53
153 197 208
23 138 81
242 109 130
43 146 219
141 90 148
229 185 135
155 162 79
173 104 102
84 190 203
106 85 233
138 191 144
63 227 102
118 61 184
14 13 157
138 145 6
2 131 165
169 247 248
66 146 170
237 163 227
24 209 143
56 79 240
95 218 138
221 11 173
58 190 21
82 37 101
93 140 245
221 132 56
237 115 111
157 208 56
138 153 16
115 92 3
16 202 190
36 121 170
114 143 250
193 156 119
100 153 187
201 137 233
254 236 159
104 249 54
157 220 162
189 159 185
43 255 185
111 35 120
151 141 203
46 194 24
185 69 7
64 110 220
103 103 120
132 153 145
217 244 152
71 80 19
211 178 127
162 250 252
71 243 8
155 86 39
0 67 59
9 41 56
82 130 204
205 70 69
24 79 88
231 98 162
231 131 110
38 195 112
230 119 108
169 7 188
58 52 102
140 159 150
115 166 203
97 184 201
255 214 210
136 177 69
112 52 176
34 54 22
69 134 197
251 2 234
207 46 205
251 249 130
110 147 44
160 81 192
197 65 16
54 115 107
185 142 157
135 45 219
136 180 159
134 231 56
105 154 53
203 202 204
147 40 123
51 253 204
219 163 214
51 217 63
143 237 123
77 60 91
9 147 215
34 125 110
117 4 87
73 222 38
93 152 204
169 67 129
23 152 37
255 192 55
23 216 43
131 212 173
18 57 201
233 2 203
237 170 47
3 245 160
66 202 139
14 143 22
153 118 211
147 226 1
235 179 87
228 105 195
29 37 59
118 109 123
93 234 209
42 221 52
214 136 19
9 152 69
138 155 15
71 207 140
143 213 187
88 126 214
207 187 174
163 186 155
154 144 224
189 69 69
163 85 32
140 223 105
37 172 216
157 13 70
226 153 36
2 199 231
61 179 234
217 7 47
30 21 181
115 74 111
29 184 150
167 26 167
98 47 251
245 24 90
235 167 17
181 22 157
237 27 83
228 26 199
100 56 14
55 190 74
133 13 8
14 229 237
157 39 112
118 186 120
47 249 224
132 11 213
162 199 143
207 25 50
177 154 144
44 33 91
116 36 62
202 236 55
72 170 190
226 36 113
220 229 55
232 66 2
245 67 78
117 27 89
89 14 55
67 249 62
2 92 172
93 201 114
156 100 159
175 181 144
86 241 221
54 181 97
11 208 98
59 167 100
223 44 77
31 250 50
7 116 187
74 233 42
71 36 173
21 111 72
60 177 215
32 65 136
222 144 197
83 91 5
195 241 256
233 61 173
251 81 90
68 110 253
84 157 241
55 246 44
56 144 16
126 21 139
31 91 80
244 200 74
172 222 186
148 69 153
215 59 178
163 19 126
219 248 252
61 95 131
74 181 53
87 229 141
210 157 152
189 180 242
112 90 239
113 51 158
204 152 110
124 244 122
204 94 62
241 25 82
114 227 206
198 174 188
139 118 111
216 226 241
126 216 192
244 254 59
124 152 55
3 26 256
179 227 86
107 117 126
180 19 251
150 135 225
167 247 2
163 1 183
48 108 43
59 57 239
135 184 81
205 234 73
122 2 104
65 139 171
64 218 101
33 233 7
149 223 255
197 243 45
251 242 9
55 12 108
27 97 38
184 49 217
105 201 17
53 117 173
2 67 83
143 66 186
19 239 63
53 231 19
145 117 25
176 132 79
237 15 4
209 131 114
148 117 196
88 129 29
109 179 127
105 160 206
114 188 196
102 156 249
182 61 41
35 49 244
143 179 217
22 120 139
9 222 150
58 171 12
3 157 75
62 241 96
154 251 245
131 28 139
214 63 256
81 128 6
191 39 76
170 144 219
44 127 125
141 107 46
198 44 64
255 227 207
164 105 68
11 74 29
159 134 166
68 8 60
147 58 52
109 35 249
20 2 140
193 39 192
143 19 116
143 27 161
157 43 34
62 61 149
91 17 226
205 230 198
45 191 100
191 197 215
149 53 197
221 64 191
214 238 117
152 39 195
76 249 196
128 135 17
46 88 107
254 124 106
195 225 80
94 230 89
230 198 32
49 90 197
252 217 45
218 162 7
51 168 72
127 2 68
207 82 3
96 145 225
105 246 20
3 132 26
215 64 201
192 19 125
109 244 114
0 230 17
172 158 83
166 141 74
51 192 43
11 65 105
33 86 214
148 148 252
166 173 138
38 110 131
188 33 10
71 12 245
17 5 256
103 223 6
98 66 200
190 241 43
231 242 249
240 120 187
109 161 108
104 131 59
111 90 232
120 230 17
214 191 13
3 18 223
186 36 49
243 105 15
54 136 197
120 127 167
250 166 212
106 29 42
87 107 122
134 97 29
79 246 136
24 156 200
77 73 191
159 146 175
100 49 144
127 33 212
133 90 11
187 105 76
60 132 214
91 225 52
40 135 63
171 81 12
156 60 14
30 108 214
83 73 218
6 172 217
15 5 175
6 244 145
85 213 180
188 19 192
94 62 115
210 68 60
228 19 18
21 222 105
137 76 177
202 230 252
164 197 19
40 206 253
208 178 166
179 152 70
211 41 77
130 25 213
87 33 219
117 133 184
243 103 253
92 217 85
9 124 127
20 21 177
118 94 255
162 224 119
41 148 38
24 54 103
70 108 224
163 112 224
155 80 225
121 235 24
179 82 203
163 252 161
147 220 201
221 216 22
231 145 13
154 181 89
30 6 107
113 68 229
60 152 60
26 111 224
231 158 44
168 6 7
112 136 180
172 117 13
164 205 181
201 26 241
166 17 227
67 84 113
247 246 166
164 239 142
161 245 150
18 156 24
158 151 177
112 228 241
164 110 253
155 233 239
175 240 49
0 57 45
150 51 8
197 99 158
32 94 220
12 44 43
193 123 171
11 149 195
178 183 248
144 91 73
24 154 43
131 131 14
107 220 53
25 233 135
229 40 123
248 16 83
105 203 245
71 26 98
109 123 57
248 134 205
195 128 115
76 247 146
129 217 164
20 240 156
180 41 15
146 214 41
242 232 229
184 26 212
126 48 197
113 134 200
99 43 114
72 157 220
88 124 108
52 114 160
131 139 40
200 252 146
57 129 46
45 166 49
45 39 181
150 244 20
77 249 15
96 67 62
15 98 53
182 89 141
241 24 173
57 233 124
229 174 199
68 179 76
175 47 181
72 209 190
42 143 180
198 206 243
132 235 158
7 20 99
73 219 104
102 247 197
209 153 51
111 100 95
176 158 10
97 56 201
15 63 68
77 4 109
68 174 188
123 67 214
7 227 109
60 66 152
141 120 234
198 212 113
160 214 218
180 132 220
33 191 106
210 118 235
242 215 58
40 198 214
183 180 202
69 250 83
117 162 186
12 9 174
109 134 34
155 2 69
151 41 22
247 120 76
65 205 53
137 100 231
23 98 134
162 173 252
125 54 135
78 37 247
129 103 163
53 175 199
213 18 149
8 237 153
137 215 188
144 201 239
54 13 216
89 118 86
130 106 73
205 73 226
84 250 104
148 197 15
76 126 79
134 0 115
95 84 95
241 112 169
241 107 56
239 181 30
196 215 230
4 156 39
137 225 243
115 224 92
167 30 177
8 95 253
219 246 63
198 218 27
209 195 161
20 233 150
173 79 221
236 222 230
172 130 27
83 169 62
218 210 50
23 114 17
69 236 134
250 108 194
217 64 90
68 10 164
123 170 232
4 95 157
187 146 238
168 162 23
29 248 198
1 127 58
75 156 234
145 76 40
128 125 164
148 222 71
147 187 256
246 64 214
10 105 217
242 124 139
220 6 58
128 72 63
21 251 166
35 211 189
215 87 106
216 90 141
37 49 247
161 191 27
101 218 216
41 87 84
56 198 46
9 95 19
70 10 23
105 89 163
175 241 62
154 98 60
194 1 118
82 193 74
122 53 63
222 165 25
175 211 79
126 148 175
44 178 128
211 80 223
57 145 251
143 49 116
117 54 166
210 201 223
212 144 175
28 107 58
80 233 247
161 200 24
80 184 191
157 95 12
151 46 31
34 183 24
221 198 216
176 232 255
47 58 26
111 47 114
248 181 212
55 234 168
138 227 198
204 234 118
228 199 64
174 52 204
37 173 177
115 62 17
145 124 219
253 12 93
175 163 254
158 129 152
54 240 227
134 132 67
101 38 203
243 211 236
4 3 88
21 118 97
208 195 172
24 216 91
150 178 130
78 93 104
24 118 77
223 202 94
153 25 111
200 162 184
76 119 162
106 42 104
195 98 150
88 10 173
228 33 106
51 32 94
237 177 159
91 2 18
202 214 93
34 110 217
39 30 99
93 231 111
125 191 111
111 95 169
62 76 133
93 181 243
4 107 74
25 49 106
101 209 101
71 59 117
3 227 84
255 21 230
125 220 138
197 52 172
135 164 127
84 44 29
218 208 75
139 182 44
205 74 166
39 192 96
109 124 251
127 215 27
249 18 32
15 117 175
197 147 195
224 130 157
83 137 14
193 27 224
137 163 245
83 71 32
163 206 241
85 142 131
96 37 71
27 133 26
103 54 103
152 230 214
64 54 59
78 127 206
241 154 234
153 85 167
55 188 88
225 115 32
220 202 197
75 79 23
180 252 210
202 190 2
146 140 230
18 247 79
140 49 250
87 40 91
192 168 95
60 234 189
71 244 246
148 232 185
103 18 199
225 215 192
66 132 150
45 249 146
236 60 154
41 22 204
203 179 188
127 151 13
151 137 84
2 30 147
174 75 90
82 109 241
251 130 173
76 161 102
243 118 133
84 68 94
94 82 82
99 79 245
114 234 93
142 133 234
232 232 231
28 228 131
205 90 176
193 222 250
163 52 149
60 25 149
18 76 35
234 98 46
188 240 171
241 60 109
214 68 168
37 85 77
93 193 254
228 247 192
248 255 110
139 126 50
178 155 149
55 178 102
119 142 73
244 85 20
21 219 7
236 79 69
236 7 144
236 210 189
90 232 162
60 170 40
9 214 249
211 190 73
94 207 192
169 69 204
80 205 176
163 142 119
144 243 78
207 223 44
224 134 9
164 151 206
20 171 94
139 252 185
31 72 120
91 129 240
38 14 221
213 245 43
174 191 198
174 70 111
128 44 224
3 194 77
10 250 217
202 23 36
97 58 23
150 234 225
8 106 175
250 143 150
1 177 251
13 172 249
24 40 243
132 116 250
61 14 173
106 132 12
91 170 68
45 172 114
140 244 19
181 4 214
183 69 235
134 67 234
22 80 42
173 200 75
92 21 98
230 96 23
204 34 237
239 247 115
11 22 33
75 86 173
216 18 63
77 128 51
218 251 166
170 24 120
183 105 195
111 46 235
229 252 77
124 66 34
24 162 180
6 250 116
60 189 151
237 222 86
85 129 67
74 158 225
192 107 120
140 75 231
198 247 72
14 30 46
96 100 210
169 26 235
135 224 223
100 151 62
254 18 239
161 78 190
89 95 170
87 191 148
255 80 184
4 61 180
247 104 202
163 211 154
6 53 55
157 193 213
85 158 84
55 124 208
173 202 103
22 102 201
164 176 145
172 198 123
230 144 8
113 162 10
157 18 78
153 218 152
109 58 171
221 55 200
61 144 6
229 241 127
141 232 11
4 186 248
157 202 160
105 109 145
152 11 150
120 90 235
170 202 39
34 210 232
163 73 233
220 101 209
55 41 119
248 97 171
245 188 103
215 34 138
223 10 197
144 192 184
4 255 121
23 183 135
68 191 16
2 86 224
56 75 173
232 247 95
57 32 160
172 91 81
86 70 94
13 216 173
54 79 203
138 137 235
186 65 106
80 18 62
82 101 55
66 62 137
96 101 225
3 176 89
116 230 105
163 204 251
53 235 212
212 240 1
225 80 96
100 234 167
216 66 220
27 24 66
26 197 230
119 109 54
142 206 121
252 203 151
28 195 254
131 33 122
56 114 205
103 60 87
255 92 222
76 8 245
28 134 36
237 194 203
83 248 6
172 55 209
88 36 29
135 112 30
168 216 15
198 30 8
32 213 126
72 115 182
65 237 51
144 23 159
176 120 197
63 72 194
144 249 97
169 136 50
208 148 245
64 161 93
192 163 99
92 68 224
2 220 256
237 191 25
13 124 230
74 2 199
252 74 201
236 118 152
180 72 158
221 134 114
100 81 27
46 241 154
187 0 95
74 159 118
183 94 195
226 135 142
146 223 125
184 20 61
85 63 228
250 51 126
88 83 160
60 84 163
245 130 166
159 208 177
110 236 76
232 225 138
8 112 124
48 35 213
217 65 145
179 101 67
208 227 210
24 102 239
122 237 232
2 157 28
216 78 61
147 104 170
202 43 75
3 39 2
62 228 145
106 186 171
254 52 155
133 238 199
91 107 51
59 224 215
66 193 245
240 32 85
223 230 2
129 175 139
133 102 13
19 101 44
190 187 63
70 92 65
70 150 247
246 97 79
127 193 226
248 138 77
62 51 196
7 106 132
98 82 164
174 76 244
226 122 16
213 86 93
184 179 195
179 132 58
138 198 233
141 145 179
203 23 181
35 244 252
122 184 139
132 228 179
61 153 138
166 35 250
22 175 153
26 49 217
54 193 155
214 123 165
38 248 177
165 237 110
0 139 239
209 108 164
141 203 176
107 48 42
167 55 9
98 9 220
8 144 212
173 168 142
218 141 8
250 195 249
64 239 78
158 78 249
49 188 71
64 106 158
244 240 45
61 9 50
54 65 51
5 193 15
136 101 82
136 142 210
211 24 11
21 149 184
83 200 238
174 247 75
213 173 11
36 244 129
252 22 56
0 126 25
203 90 38
2 219 62
89 126 220
165 111 224
171 222 75
79 154 253
169 27 214
143 99 97
23 118 61
86 145 30
24 98 89
80 86 65
124 65 196
152 196 85
25 112 112
189 81 2
210 11 19
196 133 66
99 133 243
63 109 202
115 199 126
213 224 175
157 29 103
177 234 114
226 250 95
15 126 102
200 215 182
20 25 122
121 204 235
184 172 159
175 193 14
240 49 182
92 128 2
144 128 115
45 177 244
69 81 7
124 124 219
105 202 84
52 35 68
50 59 149
31 169 139
5 151 211
163 56 191
112 100 222
120 223 192
66 211 241
2 172 226
14 180 131
55 174 111
38 8 214
216 152 223
181 85 82
245 196 231
126 70 96
17 188 86
29 179 176
10 29 28
99 223 67
182 35 247
14 84 159
195 244 247
145 65 104
207 175 232
123 56 195
206 1 26
202 241 50
102 216 144
129 36 181
95 10 158
214 114 1
13 95 206
119 28 64
189 128 209
215 93 4
191 206 150
98 38 191
96 200 165
4 40 53
116 30 30
5 22 205
157 180 1
94 112 51
247 11 73
28 110 189
30 105 36
98 187 108
253 246 245
38 42 152
0 166 81
179 118 179
152 53 126
152 108 160
243 224 156
137 97 197
199 165 206
238 0 102
161 124 134
166 62 170
210 80 224
5 37 12
22 192 199
87 43 162
168 37 212
170 26 160
145 230 64
188 146 184
127 187 66
132 252 187
92 136 151
124 215 183
22 217 165
94 88 231
56 14 231
218 124 79
70 18 125
93 206 96
181 215 181
209 133 43
176 140 244
45 132 171
179 190 89
78 249 31
253 215 136
12 190 256
24 1 182
8 36 182
35 93 219
16 185 38
250 252 98
20 73 32
108 63 23
110 253 84
125 142 188
111 225 135
207 31 73
233 184 97
66 155 70
96 33 157
212 165 232
113 237 7
213 219 212
5 134 122
110 159 111
80 56 234
165 59 180
13 72 251
0 253 131
96 140 76
179 55 121
190 193 104
242 88 70
216 235 59
158 24 2
23 230 35
106 147 44
102 19 152
111 152 2
86 115 215
95 197 238
155 239 182
134 242 240
60 150 35
75 182 22
140 64 82
161 86 238
175 245 151
170 54 117
116 16 237
223 24 31
63 229 171
240 95 63
78 240 214
156 170 110
20 211 148
208 44 122
35 5 141
73 168 231
144 0 176
195 228 160
124 119 121
156 197 102
253 146 208
1 251 120
162 9 223
142 20 66
166 1 242
43 204 36
143 72 143
202 169 149
34 67 246
65 119 123
46 93 204
13 21 121
197 248 8
250 71 238
95 74 227
99 29 207
56 228 188
79 143 202
18 82 147
60 82 181
30 85 119
249 60 213
126 109 220
209 150 137
194 193 180
188 25 240
191 44 105
161 79 149
112 239 234
33 58 140
122 183 219
137 29 200
242 125 120
144 166 55
33 91 209
154 27 39
137 66 50
199 185 179
68 183 53
58 199 57
50 213 140
200 46 166
196 110 36
249 137 188
248 39 135
242 90 237
102 67 156
97 162 164
77 20 142
61 46 67
99 86 148
194 188 204
8 160 67
106 4 27
206 176 145
53 240 141
143 197 244
86 231 116
174 23 25
2 46 251
241 186 7
196 14 195
89 217 95
221 39 154
119 226 256
116 76 155
181 203 16
250 238 12
126 163 108
106 129 28
34 66 149
203 14 5
130 15 242
26 195 206
130 170 226
150 165 242
6 183 87
0 102 40
224 107 208
234 37 129
239 48 232
21 236 237
61 80 112
197 216 176
9 184 101
146 179 66
145 134 152
106 203 155
18 29 69
222 203 68
225 157 203
165 200 194
246 23 221
70 106 223
35 162 209
246 44 144
133 152 231
163 167 249
206 219 70
244 131 49
206 62 171
27 164 72
207 248 20
3 102 25
53 129 76
90 106 42
77 41 187
110 235 204
28 157 71
243 17 125
123 219 10
15 222 211
71 234 107
52 110 7
174 134 186
150 194 22
62 128 17
91 37 16
106 33 155
101 114 14
84 211 142
113 193 83
93 230 34
111 173 150
86 184 11
92 6 42
201 121 183
169 53 227
200 28 228
212 105 151
30 23 201
244 224 144
139 155 2
33 180 207
69 8 185
72 254 67
7 202 6
90 198 178
93 85 83
128 245 101
194 113 169
200 130 176
191 171 242
107 253 20
175 57 105
0 76 55
226 162 223
60 214 60
239 32 44
130 84 66
6 158 70
233 190 180
90 230 236
85 245 145
104 31 25
143 130 124
104 56 248
213 134 81
21 102 89
19 205 208
94 79 198
119 15 181
73 40 238
135 87 112
138 104 176
74 123 38
123 174 92
24 63 100
39 219 55
17 43 196
183 19 61
242 83 53
150 108 135
77 208 40
57 56 91
172 64 147
212 129 232
74 14 56
15 245 214
179 228 154
229 1 49
163 37 188
93 108 39
226 207 220
43 207 220
126 102 211
187 129 10
202 40 242
163 45 195
201 217 165
104 85 217
146 190 160
54 182 113
178 164 68
164 201 209
191 224 140
24 42 9
233 50 256
149 59 206
224 251 212
23 213 103
54 212 91
50 240 214
174 85 2
32 24 213
149 202 66
149 249 118
254 109 127
219 92 24
38 15 49
202 239 95
187 134 197
114 159 220
16 12 185
209 66 52
19 201 149
202 196 188
204 148 237
226 189 117
254 15 185
66 227 20
80 237 82
101 87 175
36 242 163
18 168 26
8 131 210
43 150 204
72 132 171
7 18 199
106 232 90
207 48 52
62 137 197
139 180 178
152 164 127
137 192 207
86 142 255
88 23 100
61 23 27
34 40 5
106 128 9
203 92 75
0 242 253
244 127 55
14 173 256
217 218 75
228 0 82
56 56 39
4 120 12
66 84 247
178 213 97
112 187 246
127 60 118
1 78 118
210 173 16
41 36 102
150 68 158
105 247 51
36 205 57
18 196 25
40 42 160
6 226 29
165 125 43
12 101 158
159 26 55
187 63 254
48 41 253
144 225 240
211 57 179
140 224 230
61 5 184
38 10 35
244 12 216
239 192 240
137 33 33
218 20 2
30 209 96
146 160 75
58 165 79
119 215 62
107 114 101
177 114 179
6 101 74
219 3 35
250 242 45
171 33 64
182 220 77
120 233 213
49 55 141
84 61 20
206 223 62
14 5 118
215 9 161
223 81 74
248 122 70
154 103 59
217 229 240
67 240 2
36 75 224
53 130 53
93 27 222
182 127 241
22 239 246
155 104 89
205 29 166
15 164 213
140 166 63
250 144 196
49 41 64
146 94 47
170 176 199
78 49 156
94 100 59
205 115 131
129 167 77
140 227 254
173 62 163
164 37 79
153 141 5
226 193 55
25 121 39
77 218 156
126 221 17
14 43 89
64 50 44
121 236 249
80 252 220
26 78 83
28 4 70
2 205 30
234 94 25
113 112 101
187 69 27
172 241 118
30 128 63
72 234 77
162 177 36
251 220 207
167 205 17
228 204 196
217 240 112
212 254 100
21 155 68
152 24 102
163 20 76
36 255 158
164 233 179
240 126 102
211 183 218
6 230 77
189 191 215
127 108 205
126 1 189
16 25 47
25 67 21
17 210 226
90 95 71
36 254 121
235 16 66
245 1 238
167 226 193
57 110 200
41 73 190
38 189 73
166 132 185
186 8 77
170 226 52
204 153 102
93 70 63
56 170 165
72 159 221
169 243 13
142 139 203
43 33 211
202 232 129
227 178 67
41 59 210
224 228 104
50 232 12
57 235 140
30 199 67
153 74 233
198 169 179
119 171 106
20 78 221
183 237 155
74 142 22
161 32 207
6 63 125
231 66 79
62 182 155
219 252 146
165 159 140
251 240 64
230 22 124
123 149 175
104 200 132
200 149 118
2 161 93
123 171 234
114 39 164
90 236 40
17 191 155
44 44 192
29 241 118
168 219 116
220 33 35
162 51 9
230 76 65
187 150 63
9 171 24
184 76 30
239 193 254
240 205 34
51 242 59
108 42 118
17 65 26
97 237 214
49 183 243
139 230 5
137 60 203
22 89 143
124 231 170
190 20 127
108 242 19
92 211 92
113 182 223
19 154 213
116 250 17
145 221 136
131 17 250
218 123 148
136 46 64
194 175 10
149 69 166
88 210 30
62 209 181
36 29 87
138 106 249
225 253 195
194 17 184
64 76 61
254 140 29
131 37 57
227 69 153
9 54 89
148 213 158
49 190 87
136 105 71
138 43 149
174 14 36
185 87 68
223 62 224
215 78 168
18 190 198
253 143 150
