63 22
233 166
113 188
47 73
11 166
147 57
133 115
14 226
39 172
72 77
85 209
175 143
43 62
186 65
58 108
193 37
42 127
64 186
28 242
160 29
70 169
140 24
241 201
189 240
14 16
153 43
247 162
116 55
138 183
79 162
159 192
231 53
37 67
145 56
135 216
199 218
211 94
187 158
1 207
11 130
42 218
183 165
238 168
2 228
71 39
44 45
2 114
84 253
186 238
131 202
169 21
199 249
209 222
179 60
38 53
222 78
246 252
19 23
170 150
186 158
4 17
166 66
115 189
200 11
190 244
161 43
51 182
20 16
210 213
28 210
90 49
104 24
15 207
42 10
242 105
131 81
180 82
216 147
42 141
4 131
9 57
191 237
219 132
229 237
166 158
42 5
118 98
160 88
12 183
13 33
74 219
77 255
138 88
58 162
6 125
97 235
124 222
151 139
222 147
218 229
109 152
75 222
199 242
249 32
164 14
27 64
156 15
224 54
39 155
109 120
57 27
172 40
58 64
175 179
203 18
229 106
227 193
27 168
228 242
96 59
5 76
10 1
28 131
231 195
6 82
84 166
70 100
65 198
37 74
125 210
134 91
122 226
241 138
152 9
201 253
117 151
120 111
37 88
111 64
53 165
46 113
98 127
52 137
98 124
163 248
196 225
142 67
242 180
119 246
142 96
37 24
4 229
60 161
209 133
18 77
86 71
31 220
46 149
4 235
213 241
148 31
57 112
135 173
58 166
94 235
83 96
249 208
194 128
164 38
78 61
254 90
84 234
253 228
69 117
105 94
186 188
151 119
104 244
249 84
190 105
228 206
175 240
104 159
68 145
121 125
185 23
144 181
196 101
4 250
58 164
187 166
171 174
133 229
208 82
95 228
142 113
44 93
23 66
207 135
60 113
148 207
79 58
176 121
15 16
50 172
253 218
52 61
17 83
46 253
76 172
104 66
207 9
10 195
25 50
29 246
242 79
189 145
239 69
53 251
253 252
53 217
105 125
93 76
193 183
92 209
177 109
125 34
94 167
20 244
16 227
102 227
253 20
205 115
219 130
141 127
127 106
157 46
23 99
203 241
212 106
12 246
175 149
137 210
194 128
239 64
26 152
190 50
65 136
6 129
190 73
162 38
184 120
71 217
114 200
20 190
196 195
239 205
248 68
1 81
79 93
218 52
68 213
73 82
37 180
184 146
232 183
2 30
75 29
12 133
9 139
4 119
198 104
40 9
160 137
36 154
150 172
132 168
1 184
152 29
15 138
24 235
216 145
67 18
224 88
175 148
30 175
17 20
98 13
75 125
190 110
138 52
12 219
18 32
217 149
56 248
33 197
103 41
246 118
172 220
242 167
13 143
125 19
25 1
77 126
151 28
79 64
224 7
243 229
115 95
96 212
143 55
45 15
70 108
157 71
24 116
217 185
137 232
140 109
79 158
137 223
124 73
89 34
250 103
139 44
233 65
96 12
240 184
246 103
94 186
88 217
31 31
18 100
188 237
155 141
120 0
182 49
81 92
77 211
14 104
114 136
223 211
86 96
237 197
165 196
56 174
102 218
122 227
204 219
98 255
122 209
93 241
181 24
88 104
169 189
65 109
89 159
238 171
27 27
244 55
134 247
93 88
123 4
172 52
176 29
135 16
75 230
133 47
126 221
251 71
218 67
110 245
229 120
51 129
219 140
33 211
2 210
181 108
199 132
230 227
237 174
251 84
144 197
39 237
55 181
70 224
95 74
37 178
223 82
216 8
70 35
86 234
216 140
37 167
47 171
45 84
128 136
248 64
131 235
99 149
152 66
173 178
42 6
250 212
158 176
231 2
1 203
143 61
154 101
107 122
219 212
195 231
193 82
23 189
163 219
186 197
122 90
4 152
68 9
5 154
172 185
82 158
93 137
124 26
100 137
65 237
239 153
202 176
44 212
123 164
139 211
191 147
186 8
190 211
173 140
173 37
185 195
71 12
65 89
84 189
214 54
181 207
143 53
43 95
106 168
64 116
1 208
18 9
78 213
111 86
129 251
169 132
188 42
188 88
102 70
236 239
84 31
206 22
38 58
192 120
158 51
41 75
72 197
147 233
161 73
134 71
88 197
75 8
99 102
62 128
194 202
14 234
120 16
101 140
226 118
180 188
237 211
142 29
182 24
220 171
46 174
78 207
232 100
3 210
189 93
252 207
59 103
16 116
211 213
70 184
124 35
45 225
72 92
140 48
129 97
243 190
90 24
43 28
235 172
39 165
34 250
27 113
159 135
166 70
227 90
140 2
53 82
52 122
120 196
113 207
215 99
67 8
139 168
25 172
60 87
250 245
94 252
62 80
205 152
255 164
80 20
65 34
28 151
214 47
105 27
108 71
42 74
210 167
136 12
104 213
60 207
239 54
29 18
90 41
49 98
22 68
102 160
62 191
141 248
142 39
175 192
121 29
200 38
181 241
16 75
190 143
119 62
51 112
145 38
193 229
110 173
73 109
203 172
69 97
249 19
236 188
87 210
146 132
169 170
202 179
178 195
83 121
127 214
113 11
99 251
110 51
87 20
50 83
128 25
98 145
224 147
120 107
238 231
27 27
132 36
171 179
237 111
109 34
21 97
215 227
214 250
155 93
28 41
185 188
23 93
137 70
26 212
218 2
202 2
147 223
32 189
229 111
132 109
37 148
136 11
98 150
54 71
134 99
191 204
110 223
45 46
114 142
87 212
65 18
150 194
126 105
231 244
114 29
30 192
94 24
90 110
92 20
129 27
134 83
197 199
31 131
38 94
188 114
225 94
8 158
29 217
151 97
182 89
103 238
27 85
7 67
28 225
42 113
80 80
86 224
41 176
172 97
40 5
71 34
158 118
156 16
82 194
62 57
242 139
244 139
178 72
153 57
154 0
77 244
3 61
164 58
143 0
29 193
81 228
212 91
82 5
164 96
157 178
35 40
219 116
145 214
75 104
211 58
51 126
169 102
43 196
224 39
181 111
251 97
54 9
225 16
35 200
102 142
97 207
56 91
25 196
125 235
23 248
189 103
131 42
16 167
52 171
73 93
37 148
230 139
157 176
204 84
91 119
109 75
204 163
221 115
148 173
109 97
235 186
225 205
64 67
0 121
76 43
59 23
40 190
104 129
113 109
45 127
103 55
112 237
221 206
79 61
132 228
134 200
91 44
204 171
98 253
178 145
149 204
192 239
249 19
13 19
6 142
117 151
29 65
119 160
174 0
87 168
194 214
148 106
21 18
204 250
125 82
89 236
135 113
91 248
53 232
189 134
139 189
207 252
61 211
68 211
1 39
55 252
93 41
124 78
122 55
238 56
109 13
172 88
160 177
23 17
143 99
76 177
200 229
58 76
51 88
246 233
10 232
216 89
104 119
247 115
121 114
60 109
47 23
173 74
75 107
217 131
194 82
83 93
23 91
234 139
25 216
241 45
118 80
57 102
19 75
134 86
166 235
60 117
11 1
172 238
11 151
231 214
197 75
72 233
161 58
229 143
251 161
4 253
184 202
30 81
247 92
168 174
153 157
173 138
240 210
144 113
230 96
189 234
55 5
209 36
212 15
229 166
87 54
207 62
149 83
254 3
168 9
81 109
136 29
135 6
26 18
92 154
15 115
23 79
26 247
94 117
33 186
111 125
223 122
105 9
233 238
47 155
143 24
159 3
28 157
56 116
245 26
246 148
209 149
66 223
190 52
250 51
243 143
56 75
126 27
73 160
181 87
87 33
243 175
212 218
146 49
34 209
59 154
44 0
181 120
168 147
247 132
103 77
235 193
192 55
152 64
102 154
105 251
26 134
81 146
134 26
15 82
90 24
91 107
251 71
244 206
161 158
142 198
112 36
92 1
48 1
141 118
165 83
110 40
5 214
235 158
27 168
63 162
165 9
22 152
22 40
25 160
127 196
246 133
131 174
2 100
123 235
125 218
121 161
238 131
193 178
158 135
124 100
46 242
186 49
103 170
172 136
242 221
218 243
55 220
130 217
253 136
184 225
68 133
204 190
227 189
125 11
239 211
12 173
96 133
188 53
163 55
109 134
180 51
38 27
43 140
223 35
14 246
197 223
196 60
38 127
92 134
161 22
98 22
225 31
46 150
248 84
215 174
209 197
109 34
120 68
228 92
239 134
12 203
34 158
101 88
18 188
11 195
183 135
12 113
52 147
96 25
232 55
115 93
158 3
166 81
156 235
107 179
127 140
165 148
15 118
210 245
194 11
14 255
157 7
96 73
29 97
5 194
108 244
35 199
175 227
82 29
92 151
166 118
175 184
81 124
237 140
4 93
252 163
248 35
241 239
73 73
136 223
143 72
76 87
248 42
250 3
249 119
23 175
149 35
4 37
147 168
218 56
123 180
56 154
30 105
192 64
116 153
105 33
47 233
243 108
199 75
214 73
30 238
133 154
188 46
191 96
111 225
143 171
201 229
13 74
30 141
118 216
234 96
51 250
106 49
114 71
204 134
129 113
239 10
207 14
217 155
116 145
36 117
130 220
79 206
210 9
173 70
10 237
221 122
146 59
250 250
185 9
141 22
231 229
40 222
214 174
216 224
226 212
41 93
62 172
62 172
136 20
157 249
108 197
189 120
92 55
225 179
23 45
251 166
167 195
68 220
197 225
2 251
4 224
102 158
6 79
223 202
254 194
43 171
53 175
136 222
202 125
202 227
251 12
211 24
91 54
229 235
224 235
110 208
110 223
174 243
178 248
15 102
59 244
135 56
149 57
93 153
237 221
159 241
237 171
70 150
29 1
124 184
141 67
186 201
222 151
121 173
206 187
8 230
29 196
160 197
128 168
82 195
101 169
101 32
211 186
212 219
76 84
54 78
169 44
245 170
21 196
223 214
246 188
91 63
72 121
43 118
29 181
127 152
90 49
85 220
105 231
114 192
151 212
38 230
17 144
214 185
234 186
209 155
118 145
57 162
69 176
241 96
116 127
86 184
172 132
56 57
1 94
238 11
61 246
173 1
116 19
48 14
167 71
150 234
40 238
244 105
236 212
88 194
94 200
53 159
111 118
255 187
133 148
140 117
152 135
39 181
95 113
157 56
150 208
128 90
147 142
189 68
9 203
45 115
174 107
52 100
157 217
160 85
176 81
237 254
225 126
212 73
139 19
122 22
224 182
238 78
71 87
172 163
68 226
171 155
168 19
59 180
16 255
45 178
143 247
47 114
55 15
1 3
109 231
15 243
158 240
127 91
124 199
254 99
69 7
206 164
166 56
83 16
181 128
49 184
63 9
81 60
229 251
117 62
4 121
10 226
47 240
143 231
244 153
156 189
27 48
211 114
12 82
58 69
6 50
75 75
235 243
210 108
231 27
26 195
227 77
45 91
210 195
244 22
20 175
213 111
228 17
8 211
118 84
49 45
187 109
2 83
10 22
150 8
180 54
230 84
136 115
63 25
121 110
241 229
67 56
106 40
174 7
216 54
35 99
20 169
198 141
233 254
222 12
9 149
65 16
6 137
226 99
66 51
225 146
123 148
142 28
201 54
165 79
14 158
165 209
167 222
133 175
240 72
48 52
126 231
71 185
74 222
34 21
226 121
232 74
167 74
124 161
148 116
115 113
104 217
210 81
43 176
58 180
3 185
84 117
212 39
202 29
206 14
203 88
42 19
34 75
110 245
56 85
95 112
233 241
89 239
238 114
49 127
192 127
231 112
94 77
87 38
226 214
226 158
254 104
116 89
175 71
164 117
229 52
182 224
229 67
26 220
25 87
168 37
133 119
75 101
171 19
225 231
188 59
55 186
10 205
155 243
85 137
47 249
68 21
93 69
119 245
241 127
4 176
54 46
186 69
44 235
149 132
65 104
229 175
75 69
56 108
114 52
210 218
135 168
139 76
211 223
72 37
186 211
213 238
195 89
207 216
107 116
120 135
216 179
205 53
13 45
220 227
110 180
116 157
108 134
139 150
20 213
66 46
180 95
96 194
81 80
39 160
166 156
240 59
125 39
144 62
206 1
161 33
160 48
240 49
226 146
9 66
155 160
116 153
140 239
139 207
11 169
13 21
84 100
82 55
160 6
250 184
103 196
23 61
226 163
117 148
105 51
92 152
166 190
56 78
163 130
5 168
153 30
236 111
33 189
113 28
172 64
205 95
165 1
132 145
78 165
8 60
125 213
80 126
182 150
155 3
154 134
47 1
177 10
197 174
131 73
150 84
169 128
74 79
242 34
241 13
235 5
20 65
73 208
62 103
82 170
3 237
33 67
75 46
233 39
230 214
154 96
196 33
31 122
244 212
65 0
118 214
163 167
68 180
166 141
111 118
10 0
19 178
248 154
236 218
203 138
221 113
71 84
51 226
54 115
154 119
55 187
204 25
116 160
154 70
84 233
186 232
184 208
212 148
67 238
163 250
37 222
178 77
135 247
13 157
26 15
153 82
150 203
23 37
226 143
192 36
115 219
93 188
3 112
26 230
13 98
237 14
159 224
90 125
13 92
111 196
158 98
100 158
230 88
248 196
170 63
166 24
64 86
36 155
35 129
43 190
21 70
99 144
135 29
114 158
28 223
168 65
29 51
78 133
97 202
219 210
181 126
81 238
13 109
190 2
221 87
164 221
217 209
36 179
235 237
49 78
165 102
178 188
156 145
136 47
26 161
130 22
70 61
246 11
123 186
98 167
207 173
160 231
224 17
138 88
228 176
157 246
153 232
246 38
46 155
111 24
110 135
214 89
114 234
79 88
246 2
172 37
233 136
30 210
67 33
18 73
45 74
6 195
139 45
74 125
147 139
15 155
165 165
245 195
208 13
46 88
111 21
182 226
53 108
168 147
119 157
142 174
244 221
188 233
136 217
40 216
30 7
233 194
228 55
127 106
103 36
89 144
83 246
127 53
215 195
56 15
90 86
144 197
234 202
255 37
48 169
54 171
213 167
250 92
84 96
38 53
232 192
156 36
204 65
129 213
80 136
96 80
121 71
28 224
154 233
59 122
17 252
255 86
211 201
1 71
139 65
123 235
28 223
35 183
51 202
150 123
254 58
173 239
160 201
149 149
246 8
127 51
65 150
239 231
238 148
6 4
58 72
253 147
149 141
9 140
209 132
17 203
227 1
83 198
159 6
232 61
46 165
46 34
56 165
153 35
145 77
30 134
19 201
102 4
161 187
57 230
213 167
31 128
163 31
11 229
85 176
0 170
190 235
250 36
236 1
45 212
233 221
116 64
246 207
58 199
129 93
121 169
146 17
100 209
199 153
66 187
254 243
111 29
195 240
24 220
42 184
59 72
63 161
142 123
93 50
149 39
211 201
201 56
245 237
220 25
65 37
122 139
184 168
95 129
140 47
182 182
48 203
175 35
156 117
211 225
255 237
61 140
76 78
244 152
67 149
245 195
44 87
240 25
83 204
193 227
110 69
179 39
134 54
18 95
176 254
82 78
195 173
232 20
165 22
107 208
15 183
240 110
210 12
134 160
86 54
185 41
212 237
147 47
27 50
6 152
236 60
199 228
229 171
209 109
207 62
84 134
123 186
127 85
233 22
228 252
76 132
76 11
146 62
185 22
159 189
4 151
236 79
226 86
98 188
135 231
102 52
232 228
171 98
163 253
24 42
227 27
77 87
81 76
120 36
216 108
27 90
91 20
21 137
206 124
161 167
243 213
98 82
6 180
130 179
201 23
187 8
51 178
203 195
157 48
36 31
174 78
205 24
112 195
120 183
246 34
93 187
178 28
11 189
5 195
159 24
42 170
226 237
60 41
153 4
116 55
18 63
246 227
64 214
55 154
246 176
13 23
213 159
152 18
41 127
212 128
148 195
106 126
148 60
74 204
52 115
49 19
244 94
162 25
171 196
249 91
159 31
82 129
43 106
133 149
120 225
71 222
96 86
115 193
84 107
243 60
84 186
61 226
61 159
80 172
135 44
76 90
86 142
23 104
26 245
116 98
89 14
177 111
44 196
149 240
224 46
183 30
176 72
53 164
247 40
0 99
105 117
81 135
180 182
136 139
217 115
196 170
197 233
188 205
66 118
231 255
52 229
239 14
8 3
94 248
216 33
9 143
31 99
57 184
43 9
177 110
72 62
202 243
128 43
123 49
74 176
223 197
205 71
235 204
118 67
82 12
141 238
82 204
10 161
252 42
100 128
196 170
87 243
157 40
136 193
196 92
195 52
56 157
44 80
96 173
240 255
234 222
85 170
196 3
181 132
90 83
229 163
158 125
184 193
40 245
205 103
198 174
190 40
8 85
149 105
8 79
24 67
116 175
202 231
8 168
181 11
27 227
244 219
145 157
190 1
117 94
29 131
220 143
213 57
37 84
21 220
139 131
66 231
26 190
251 168
114 60
187 41
137 15
181 248
102 69
147 7
58 153
90 68
165 10
107 254
192 255
194 118
166 129
194 130
148 60
187 157
67 12
246 68
51 26
144 5
165 134
152 55
173 37
236 250
94 173
34 160
67 104
63 126
142 89
118 157
21 138
51 161
23 50
171 255
232 27
211 76
29 218
22 93
139 32
113 183
113 173
149 186
115 46
124 217
156 160
140 39
124 173
180 115
158 213
12 56
246 8
144 168
166 239
37 59
108 228
180 43
81 68
86 129
199 174
185 121
43 100
145 44
188 9
203 183
146 168
87 82
169 251
199 15
45 189
218 97
79 221
216 186
142 80
37 37
15 100
201 11
199 89
185 199
146 86
146 46
239 173
45 180
9 190
193 96
243 210
172 67
103 159
209 224
45 53
106 119
75 150
150 225
141 75
105 87
110 221
66 51
103 51
44 147
215 142
181 107
27 227
32 135
45 66
19 201
58 254
241 206
205 63
222 32
212 207
5 241
161 233
7 122
24 24
204 241
206 43
171 67
107 160
183 161
168 247
132 46
163 187
228 41
150 50
59 41
20 49
242 26
208 136
15 8
133 70
121 226
30 23
157 197
83 190
19 161
3 228
178 113
76 33
5 150
246 134
96 73
7 165
234 181
157 126
223 117
200 120
233 22
45 39
219 104
54 77
100 74
85 57
62 252
102 111
41 210
103 60
161 165
24 186
128 57
152 124
230 97
15 54
188 148
145 69
171 72
236 68
20 103
179 136
149 217
5 136
238 51
175 43
175 99
1 4
235 41
109 156
76 55
72 23
81 198
86 122
44 114
140 84
171 93
123 96
225 143
245 88
188 199
60 34
161 24
183 19
18 194
83 24
6 37
35 66
228 186
